1.00000
1.00000
1.00000
1.00000
1.00000
1.00000
1.00000
1.00000
1.00000
1.00000
1.00000
1.00000
1.00000
1.00000
1.00000
1.00000
1.00663
1.00994
1.01081
1.01640
1.02493
1.03085
1.03530
1.04039
1.04700
1.04920
1.05866
1.07111
1.08547
1.10639
1.11347
1.13926
1.15450
1.17582
1.19466
1.20440
1.66611
1.69055
1.70085
1.85549
1.93501
2.00388
2.01822
2.03608
2.09145
2.11615
2.15154
2.17397
2.17781
2.19475
2.22148
2.22891
2.25962
2.27854
2.28815
2.30048
2.30631
2.34112
2.36741
2.38811
2.41546
2.41860
2.43003
2.44550
2.45304
2.47445
2.50268
2.51228
2.52290
2.53495
2.54708
2.55924
2.56969
2.58257
2.59143
2.60000
2.60449
2.61365
2.61999
2.62114
2.62114
