1.13125
1.13539
1.14658
1.15616
1.16918
1.19305
1.19314
1.21160
1.28884
2.36085
2.44809
2.58647
2.75555
2.78467
2.81470
2.84146
2.93583
2.95801
4.23637
4.29014
4.33220
4.58487
4.67910
4.78508
4.83338
4.85680
4.93035
4.99210
5.08281
5.11897
5.17704
5.24455
5.32394
5.40815
5.44522
5.59680
5.69845
5.73132
5.80935
5.90572
5.92516
6.03553
6.08111
6.24621
6.27308
6.33316
6.48296
6.51818
6.71890
6.80751
6.86545
6.98229
7.11559
7.21047
7.32165
7.38281
7.48128
7.58953
7.65257
7.75305
7.79059
7.86381
7.95940
8.04214
8.20198
8.32427
8.46270
8.53106
8.63385
8.74425
8.92771
9.04621
9.70939
10.06626
10.59793
11.52358
12.76128
13.21720
14.43319
16.07192
17.08977
