1.60382
1.66112
1.66495
1.67454
1.74901
1.78591
1.81732
1.84709
1.86371
4.93388
5.05486
5.14616
5.25968
5.43244
5.51925
5.69731
5.79478
5.88235
6.05843
6.18202
6.23459
6.30685
6.51733
6.66674
6.84198
7.02243
7.12687
7.27647
7.39915
7.57546
7.73398
7.91412
8.01825
8.05999
8.27983
8.35907
8.37467
8.82150
9.09628
9.40185
9.96933
10.37897
11.15726
11.46727
11.86146
11.97320
12.40114
12.94083
13.28031
13.92560
14.24195
14.46658
15.44251
15.65942
16.11819
16.46069
16.73899
18.39085
18.57275
19.65883
20.83613
21.22359
22.48667
23.81168
25.23984
26.08822
28.57446
28.95283
31.44814
34.22665
38.68880
39.80630
42.66005
44.68403
47.48187
50.39758
56.77935
60.96261
74.46500
85.19796
110.71755
