9.51886
9.64735
9.89781
10.35526
10.65531
11.04863
11.13047
11.24828
11.68895
11.80824
11.97995
12.29535
12.49711
12.82992
13.06233
13.52267
14.08629
14.34592
14.63710
14.98750
15.36340
15.69531
16.16526
16.52104
16.75431
17.17554
18.37267
18.63451
19.13383
19.88761
20.76486
21.23822
22.27128
22.39725
24.21894
24.78918
24.99410
26.22978
26.86885
27.82339
29.78384
31.72968
32.24239
34.20844
35.11330
36.69818
36.95268
39.83428
42.50167
43.07396
46.30115
48.06294
49.25254
56.66411
61.91138
65.74629
67.43675
73.61494
77.08781
79.77673
87.52099
93.18851
100.51779
107.77546
121.03431
128.16871
134.49280
142.33326
157.97325
182.11449
201.12015
236.56009
271.41594
342.08632
366.69500
397.45414
506.82155
559.73296
616.99948
893.88506
1265.01519
