1.04359
1.08103
1.08684
1.09000
1.10319
1.11017
1.11369
1.11806
1.12858
1.18020
1.23908
1.25163
1.25796
1.27542
1.31436
1.33062
1.35328
1.36187
3.36461
3.49799
3.57306
3.60519
3.70247
3.72196
3.79214
3.82852
3.84007
3.87906
3.91482
3.98000
4.02288
4.07813
4.12492
4.15084
4.19222
4.24308
4.33987
4.37882
4.40926
4.43211
4.48379
4.50328
4.56082
4.57496
4.64946
4.68279
4.73451
4.73948
4.81511
4.84781
4.90790
4.93864
4.96255
4.99751
5.05569
5.08485
5.12917
5.21424
5.27727
5.30198
5.32972
5.35493
5.40461
5.58186
5.66469
5.70030
5.81545
5.99580
6.07527
6.19338
6.23363
6.36926
6.79285
6.91989
7.20322
7.45962
7.75149
7.89430
8.23888
9.11916
9.89244
