1.00000
1.00000
1.00000
1.00000
1.00000
1.00000
1.00000
1.00000
1.00000
1.00000
1.00000
1.00000
1.00000
1.00000
1.00000
1.00000
1.00000
1.00000
1.00000
1.00000
1.00000
1.00000
1.00000
1.00000
1.00000
1.00000
1.00000
1.00000
1.00000
1.00000
1.00000
1.00000
1.00000
1.00000
1.00000
1.00000
1.00000
1.00000
1.00000
1.00000
1.00000
1.00000
1.00000
1.01010
1.01848
1.02160
1.02821
1.03421
1.04425
1.06685
1.08064
1.10024
1.10562
1.11041
1.13636
1.19768
1.21085
1.21424
1.22125
1.22654
1.22936
1.23194
1.24130
1.40089
1.48061
1.50350
1.51059
1.52932
1.53778
1.54558
1.54969
1.56528
1.56857
1.58159
1.60081
1.61194
1.63059
1.63335
1.64619
1.65590
1.65874
