1.01665
1.01918
1.02226
1.02300
1.02675
1.02970
1.03060
1.03453
1.03542
1.08250
1.11530
1.12455
1.12944
1.14723
1.18407
1.19434
1.19886
1.22690
1.51340
1.54449
1.55804
1.58694
1.60119
1.62745
1.64282
1.66996
1.71252
2.71024
2.79312
2.86355
2.90870
2.92778
2.95716
2.98645
3.01656
3.08655
3.10046
3.16445
3.21907
3.24704
3.26295
3.29633
3.31193
3.36784
3.38401
3.41150
3.44603
3.46086
3.46793
3.49981
3.50407
3.53011
3.59919
3.62732
3.76155
3.82018
3.84377
3.91154
4.02951
4.09099
4.12816
4.14903
4.28790
4.39655
4.49088
4.54685
4.62495
4.66918
4.73106
4.82379
4.86435
4.91670
4.97592
5.00186
5.06000
5.15443
5.25578
5.34505
5.37025
5.43505
5.57119
