1.00000
1.00000
1.00000
1.00000
1.00000
1.00000
1.00000
1.00000
1.00000
1.00000
1.00000
1.00000
1.00000
1.00000
1.00000
1.00000
1.00000
1.00000
1.00000
1.00000
1.00000
1.00000
1.00000
1.00000
1.00000
1.00000
1.00000
1.00561
1.00867
1.01014
1.01433
1.01821
1.02417
1.02822
1.03332
1.03657
1.04769
1.06649
1.07608
1.08715
1.10833
1.13022
1.15696
1.16252
1.20857
1.38317
1.40495
1.62222
1.72853
1.73054
1.75506
1.76686
1.77121
1.78010
1.79830
1.80651
1.81556
1.82964
1.83707
1.84645
1.86601
1.86718
1.87971
1.89766
1.91079
1.91509
1.94234
1.95269
1.95851
1.95970
1.97810
1.98415
2.00186
2.01308
2.01871
2.03359
2.03818
2.04496
2.04810
2.05232
2.05536
