1.00000
1.00000
1.00000
1.00000
1.00000
1.00423
1.00446
1.00450
1.01204
1.01826
1.02613
1.02928
1.03890
1.04105
1.04775
1.05271
1.06076
1.07024
1.08913
1.11593
1.14907
1.16532
1.17682
1.20463
1.22168
1.23482
1.28587
1.57503
1.60776
1.64240
1.65575
1.71635
1.75555
1.80108
1.82499
1.84063
2.16171
2.17767
2.24609
2.30961
2.35488
2.39016
2.41406
2.46788
2.51779
2.56475
2.61925
2.62597
2.64914
2.66584
2.70950
2.72538
2.73698
2.77750
2.80548
2.83327
2.88232
2.89115
2.93307
2.94992
2.97518
3.01271
3.02094
3.02674
3.05404
3.07005
3.10924
3.12021
3.13804
3.16517
3.17942
3.19905
3.21253
3.23569
3.25926
3.26254
3.28595
3.30484
3.32146
3.32892
3.35050
