9.81701
9.97278
10.26836
10.38364
10.77358
10.85640
11.03665
11.31814
11.70170
11.93281
12.00344
12.54343
12.82720
12.87878
13.09874
13.43135
14.02266
14.51929
14.83529
15.03218
15.49586
15.90809
16.06924
16.38887
16.76592
17.42459
17.96964
18.18360
18.54327
19.89824
20.61418
21.43165
22.43087
22.61321
23.47661
24.51524
25.31400
25.96158
26.52199
29.02076
29.52148
30.96874
31.92404
34.21419
34.94326
35.63465
37.59903
40.64036
42.46949
43.45797
44.62848
48.31010
52.25297
55.29461
58.29780
61.87063
65.25000
69.79743
74.20024
80.82840
83.54482
92.17245
96.55077
104.29574
119.05541
125.72387
128.95101
135.73852
152.37357
172.29066
198.42809
219.24259
237.22038
304.74272
325.54051
382.38648
447.84084
515.53633
628.30275
847.73957
1285.87262
