9.54076
10.07622
10.21452
10.38184
10.74991
10.83113
11.05976
11.27464
11.77073
11.83606
12.06183
12.37159
12.79881
12.99390
13.17824
13.29345
14.05819
14.60050
14.92460
15.04588
15.38235
16.09086
16.24213
16.58314
16.73789
17.25458
17.99052
18.23647
18.69188
19.87027
20.86265
21.35146
21.94524
22.90569
23.98077
24.75295
25.90482
26.52332
26.95740
28.17159
29.14466
29.97450
31.99574
33.89732
35.38189
35.90673
37.76525
41.17639
43.41129
45.21767
45.33768
48.34070
54.32199
56.84659
58.07717
63.01009
65.21173
69.67563
76.36407
79.89679
82.20155
91.98032
98.08020
104.55804
118.15202
132.66462
135.03472
142.70711
154.38972
177.70891
193.99286
227.58112
246.06741
324.73133
336.62114
394.14840
452.75526
527.97569
650.54092
892.72486
1328.33758
